const int interface_edges[256][7] =
    {{-1, -1, -1, -1, -1, -1, -1},
    {-1, -1, -1, -1, -1, -1, -1},
    {-1, -1, -1, -1, -1, -1, -1},
    {1, 8, -1, -1, -1, -1, -1},
    {-1, -1, -1, -1, -1, -1, -1},
    {-1, -1, -1, -1, -1, -1, -1},
    {2, 9, -1, -1, -1, -1, -1},
    {2, 8, 8, 10, -1, -1, -1},
    {-1, -1, -1, -1, -1, -1, -1},
    {0, 11, -1, -1, -1, -1, -1},
    {-1, -1, -1, -1, -1, -1, -1},
    {1, 11, 9, 11, -1, -1, -1},
    {3, 10, -1, -1, -1, -1, -1},
    {0, 10, 8, 10, -1, -1, -1},
    {3, 9, 9, 11, -1, -1, -1},
    {8, 10, -1, -1, -1, -1, -1},
    {-1, -1, -1, -1, -1, -1, -1},
    {3, 4, -1, -1, -1, -1, -1},
    {-1, -1, -1, -1, -1, -1, -1},
    {1, 4, 1, 7, -1, -1, -1},
    {-1, -1, -1, -1, -1, -1, -1},
    {3, 4, -1, -1, -1, -1, -1},
    {2, 9, -1, -1, -1, -1, -1},
    {2, 7, 2, 9, 7, 9, -1},
    {-1, -1, -1, -1, -1, -1, -1},
    {2, 4, 4, 11, -1, -1, -1},
    {-1, -1, -1, -1, -1, -1, -1},
    {2, 9, 4, 11, 9, 11, -1},
    {3, 10, -1, -1, -1, -1, -1},
    {1, 4, 1, 11, 4, 11, -1},
    {0, 11, 9, 11, -1, -1, -1},
    {4, 11, 9, 11, -1, -1, -1},
    {-1, -1, -1, -1, -1, -1, -1},
    {-1, -1, -1, -1, -1, -1, -1},
    {0, 5, -1, -1, -1, -1, -1},
    {3, 5, 5, 8, -1, -1, -1},
    {-1, -1, -1, -1, -1, -1, -1},
    {-1, -1, -1, -1, -1, -1, -1},
    {2, 4, 2, 5, -1, -1, -1},
    {2, 5, 3, 4, 3, 5, -1},
    {-1, -1, -1, -1, -1, -1, -1},
    {0, 11, -1, -1, -1, -1, -1},
    {0, 5, -1, -1, -1, -1, -1},
    {2, 5, 2, 8, 5, 8, -1},
    {3, 10, -1, -1, -1, -1, -1},
    {1, 8, 8, 10, -1, -1, -1},
    {0, 5, 0, 11, 5, 11, -1},
    {5, 8, 8, 10, -1, -1, -1},
    {7, 9, -1, -1, -1, -1, -1},
    {3, 5, 3, 9, -1, -1, -1},
    {0, 7, 1, 7, -1, -1, -1},
    {3, 5, -1, -1, -1, -1, -1},
    {7, 9, -1, -1, -1, -1, -1},
    {0, 5, 3, 5, -1, -1, -1},
    {2, 5, 2, 8, 5, 8, -1},
    {2, 5, 3, 5, -1, -1, -1},
    {7, 9, -1, -1, -1, -1, -1},
    {2, 7, 2, 9, 7, 9, -1},
    {1, 7, 1, 8, -1, -1, -1},
    {1, 7, 1, 11, -1, -1, -1},
    {3, 10, 5, 8, -1, -1, -1},
    {0, 5, 0, 7, 0, 10, 0, 11, -1},
    {0, 5, 0, 7, 0, 10, 0, 11, -1},
    {5, 11, -1, -1, -1, -1, -1},
    {-1, -1, -1, -1, -1, -1, -1},
    {-1, -1, -1, -1, -1, -1, -1},
    {-1, -1, -1, -1, -1, -1, -1},
    {1, 8, -1, -1, -1, -1, -1},
    {1, 6, -1, -1, -1, -1, -1},
    {1, 6, -1, -1, -1, -1, -1},
    {0, 6, 6, 9, -1, -1, -1},
    {2, 5, 2, 8, 5, 8, -1},
    {-1, -1, -1, -1, -1, -1, -1},
    {0, 11, -1, -1, -1, -1, -1},
    {-1, -1, -1, -1, -1, -1, -1},
    {2, 9, 9, 11, -1, -1, -1},
    {3, 5, 3, 6, -1, -1, -1},
    {0, 5, 0, 11, 5, 11, -1},
    {0, 5, 0, 6, 3, 6, -1},
    {6, 9, 9, 11, -1, -1, -1},
    {-1, -1, -1, -1, -1, -1, -1},
    {3, 4, -1, -1, -1, -1, -1},
    {-1, -1, -1, -1, -1, -1, -1},
    {1, 7, 7, 9, -1, -1, -1},
    {1, 6, -1, -1, -1, -1, -1},
    {2, 5, 3, 4, -1, -1, -1},
    {0, 5, 0, 6, -1, -1, -1},
    {2, 9, 3, 9, 6, 9, 7, 9, -1},
    {-1, -1, -1, -1, -1, -1, -1},
    {2, 4, 2, 7, -1, -1, -1},
    {-1, -1, -1, -1, -1, -1, -1},
    {2, 9, 4, 11, 9, 11, -1},
    {3, 5, 5, 11, -1, -1, -1},
    {0, 11, 1, 11, 4, 11, 5, 11, -1},
    {0, 5, 0, 6, 3, 6, -1},
    {6, 9, 7, 9, 9, 11, -1},
    {4, 10, -1, -1, -1, -1, -1},
    {4, 10, -1, -1, -1, -1, -1},
    {0, 6, 0, 10, -1, -1, -1},
    {1, 6, 1, 8, 6, 8, -1},
    {1, 4, 2, 4, -1, -1, -1},
    {2, 4, 2, 9, -1, -1, -1},
    {2, 4, -1, -1, -1, -1, -1},
    {2, 4, 2, 8, -1, -1, -1},
    {4, 10, -1, -1, -1, -1, -1},
    {2, 8, 4, 10, -1, -1, -1},
    {0, 6, 1, 6, -1, -1, -1},
    {1, 4, 1, 6, 1, 8, 1, 11, -1},
    {3, 6, 3, 9, 6, 9, -1},
    {1, 4, 1, 6, 1, 8, 1, 11, -1},
    {0, 6, 3, 6, -1, -1, -1},
    {6, 8, -1, -1, -1, -1, -1},
    {7, 10, 8, 10, -1, -1, -1},
    {0, 7, 0, 10, 7, 10, -1},
    {1, 7, 1, 8, 7, 10, -1},
    {1, 7, 7, 10, -1, -1, -1},
    {1, 6, 1, 8, 6, 8, -1},
    {2, 9, 3, 9, 6, 9, 7, 9, -1},
    {0, 6, 0, 7, -1, -1, -1},
    {2, 7, -1, -1, -1, -1, -1},
    {6, 8, 8, 10, -1, -1, -1},
    {0, 7, 2, 7, 7, 9, 7, 10, -1},
    {1, 7, 1, 8, 7, 10, -1},
    {1, 6, 1, 7, 1, 11, -1},
    {1, 6, 3, 6, 6, 8, 6, 9, -1},
    {-1, -1, -1, -1, -1, -1, -1},
    {0, 6, 0, 7, 0, 11, -1},
    {-1, -1, -1, -1, -1, -1, -1},
    {-1, -1, -1, -1, -1, -1, -1},
    {-1, -1, -1, -1, -1, -1, -1},
    {-1, -1, -1, -1, -1, -1, -1},
    {1, 8, -1, -1, -1, -1, -1},
    {-1, -1, -1, -1, -1, -1, -1},
    {-1, -1, -1, -1, -1, -1, -1},
    {2, 9, -1, -1, -1, -1, -1},
    {3, 10, 8, 10, -1, -1, -1},
    {2, 7, -1, -1, -1, -1, -1},
    {0, 6, 0, 7, -1, -1, -1},
    {2, 7, -1, -1, -1, -1, -1},
    {1, 6, 1, 8, 6, 8, -1},
    {1, 7, 7, 10, -1, -1, -1},
    {1, 7, 1, 8, 7, 10, -1},
    {0, 7, 0, 10, 7, 10, -1},
    {7, 10, 8, 10, -1, -1, -1},
    {6, 8, -1, -1, -1, -1, -1},
    {0, 6, 3, 6, -1, -1, -1},
    {6, 8, -1, -1, -1, -1, -1},
    {3, 6, 3, 9, 6, 9, -1},
    {6, 8, -1, -1, -1, -1, -1},
    {0, 6, 0, 11, -1, -1, -1},
    {2, 9, 4, 11, -1, -1, -1},
    {3, 4, 3, 6, 3, 9, 3, 10, -1},
    {2, 4, 2, 8, -1, -1, -1},
    {2, 4, -1, -1, -1, -1, -1},
    {2, 4, 3, 4, -1, -1, -1},
    {1, 4, 2, 4, -1, -1, -1},
    {1, 6, 1, 8, 6, 8, -1},
    {0, 6, 0, 10, -1, -1, -1},
    {3, 4, 3, 6, 3, 9, 3, 10, -1},
    {4, 10, -1, -1, -1, -1, -1},
    {-1, -1, -1, -1, -1, -1, -1},
    {-1, -1, -1, -1, -1, -1, -1},
    {0, 5, -1, -1, -1, -1, -1},
    {3, 4, 3, 5, -1, -1, -1},
    {-1, -1, -1, -1, -1, -1, -1},
    {-1, -1, -1, -1, -1, -1, -1},
    {2, 4, 4, 10, -1, -1, -1},
    {2, 5, 3, 4, 3, 5, -1},
    {2, 7, -1, -1, -1, -1, -1},
    {0, 6, 6, 8, -1, -1, -1},
    {0, 5, 3, 6, -1, -1, -1},
    {1, 8, 2, 8, 5, 8, 6, 8, -1},
    {1, 6, 1, 7, -1, -1, -1},
    {0, 7, 1, 6, 1, 7, -1},
    {0, 10, 3, 10, 4, 10, 7, 10, -1},
    {4, 10, 7, 10, 8, 10, -1},
    {6, 9, 9, 11, -1, -1, -1},
    {0, 5, 0, 6, 3, 6, -1},
    {0, 5, 0, 11, 5, 11, -1},
    {3, 5, 3, 6, -1, -1, -1},
    {5, 11, 9, 11, -1, -1, -1},
    {0, 6, 0, 11, 6, 9, -1},
    {0, 5, 2, 5, 5, 8, 5, 11, -1},
    {3, 5, 3, 6, 3, 10, -1},
    {2, 5, 2, 8, 5, 8, -1},
    {0, 6, 6, 9, -1, -1, -1},
    {1, 8, 2, 8, 5, 8, 6, 8, -1},
    {1, 6, -1, -1, -1, -1, -1},
    {1, 6, 3, 6, 6, 8, 6, 9, -1},
    {0, 5, 0, 6, 0, 10, -1},
    {-1, -1, -1, -1, -1, -1, -1},
    {-1, -1, -1, -1, -1, -1, -1},
    {5, 11, -1, -1, -1, -1, -1},
    {5, 11, -1, -1, -1, -1, -1},
    {5, 11, -1, -1, -1, -1, -1},
    {1, 8, 7, 10, -1, -1, -1},
    {1, 7, 1, 11, -1, -1, -1},
    {1, 7, 2, 7, -1, -1, -1},
    {2, 7, 2, 9, 7, 9, -1},
    {2, 5, 2, 7, 2, 8, 2, 9, -1},
    {2, 5, 3, 5, -1, -1, -1},
    {2, 5, 2, 8, 5, 8, -1},
    {3, 5, 3, 10, -1, -1, -1},
    {2, 5, 2, 7, 2, 8, 2, 9, -1},
    {3, 5, -1, -1, -1, -1, -1},
    {0, 7, 1, 7, -1, -1, -1},
    {3, 5, 3, 9, -1, -1, -1},
    {7, 9, -1, -1, -1, -1, -1},
    {5, 8, 8, 10, -1, -1, -1},
    {0, 5, 0, 11, 5, 11, -1},
    {4, 10, 8, 10, -1, -1, -1},
    {1, 4, 3, 4, 4, 10, 4, 11, -1},
    {2, 5, 2, 8, 5, 8, -1},
    {0, 11, 1, 11, 4, 11, 5, 11, -1},
    {0, 5, 2, 5, 5, 8, 5, 11, -1},
    {-1, -1, -1, -1, -1, -1, -1},
    {2, 5, 3, 4, 3, 5, -1},
    {2, 4, 2, 5, -1, -1, -1},
    {3, 5, 3, 10, 5, 8, -1},
    {2, 4, 2, 5, 2, 9, -1},
    {3, 5, 5, 8, -1, -1, -1},
    {0, 5, -1, -1, -1, -1, -1},
    {0, 5, 3, 5, 5, 8, -1},
    {-1, -1, -1, -1, -1, -1, -1},
    {4, 11, 9, 11, -1, -1, -1},
    {7, 9, 9, 11, -1, -1, -1},
    {1, 4, 1, 11, 4, 11, -1},
    {1, 4, 3, 4, 4, 10, 4, 11, -1},
    {2, 9, 4, 11, 9, 11, -1},
    {1, 11, 7, 9, 9, 11, -1},
    {2, 4, 4, 11, -1, -1, -1},
    {2, 4, 3, 4, 4, 11, -1},
    {2, 7, 2, 9, 7, 9, -1},
    {0, 7, 2, 7, 7, 9, 7, 10, -1},
    {0, 10, 3, 10, 4, 10, 7, 10, -1},
    {-1, -1, -1, -1, -1, -1, -1},
    {1, 4, 1, 7, -1, -1, -1},
    {1, 4, 1, 7, 1, 8, -1},
    {3, 4, -1, -1, -1, -1, -1},
    {-1, -1, -1, -1, -1, -1, -1},
    {8, 10, -1, -1, -1, -1, -1},
    {3, 9, 9, 11, -1, -1, -1},
    {0, 10, 8, 10, -1, -1, -1},
    {3, 10, -1, -1, -1, -1, -1},
    {1, 11, 9, 11, -1, -1, -1},
    {2, 9, 3, 9, 9, 11, -1},
    {0, 11, -1, -1, -1, -1, -1},
    {-1, -1, -1, -1, -1, -1, -1},
    {2, 8, 8, 10, -1, -1, -1},
    {2, 9, -1, -1, -1, -1, -1},
    {1, 8, 2, 8, 8, 10, -1},
    {-1, -1, -1, -1, -1, -1, -1},
    {1, 8, -1, -1, -1, -1, -1},
    {-1, -1, -1, -1, -1, -1, -1},
    {-1, -1, -1, -1, -1, -1, -1},
    {-1, -1, -1, -1, -1, -1, -1}};
